  1984   2016   2000   2000
  2005   2034   2011   2011
  2023   1983   2022   2011
  2005   1974   2034   2010
  2022   1996   2051   1999
  2042   1934   2062   1988
  2111   1969   2077   1974
  2121   1957   2099   1963
  2111   1938   2114   1940
  2136   1981   2137   1939
  2148   1987   2156   1928
  2151   1914   2185   1908
  2177   1899   2206   1890
  2202   1863   2236   1861
  2230   1867   2253   1827
  2287   1839   2269   1806
  2257   1751   2267   1775
  2237   1763   2266   1754
  2308   1776   2282   1730
  2319   1720   2302   1710
  2376   1669   2312   1675
  2313   1634   2331   1654
  2314   1648   2352   1618
  2338   1566   2371   1584
  2394   1550   2373   1559
  2452   1525   2386   1522
  2387   1498   2402   1485
  2404   1450   2418   1451
  2423   1447   2423   1407
  2405   1391   2428   1378
  2474   1335   2446   1351
  2458   1322   2457   1339
  2512   1325   2477   1321
  2505   1307   2496   1312
  2530   1288   2522   1298
  2495   1287   2544   1284
  2538   1281   2555   1280
  2593   1274   2567   1277
  2533   1260   2561   1264
  2583   1289   2541   1260
  2541   1292   2523   1262
  2490   1243   2499   1266
  2465   1252   2479   1259
  2428   1262   2458   1258
  2415   1264   2424   1253
  2382   1261   2400   1254
  2347   1257   2372   1252
  2337   1232   2345   1252
  2317   1260   2323   1254
  2292   1256   2292   1255
  2235   1260   2257   1252
  2229   1279   2226   1256
  2223   1270   2190   1264
  2134   1269   2170   1285
  2124   1299   2135   1304
  2106   1353   2112   1320
  2055   1362   2093   1336
  2085   1356   2074   1344
  2062   1349   2052   1345
  2026   1280   2027   1341
  1983   1341   1995   1342
  1970   1335   1955   1337
  1923   1316   1926   1333
  1884   1347   1900   1335
  1843   1364   1869   1346
  1828   1346   1845   1358
  1821   1366   1821   1355
  1796   1342   1799   1354
  1763   1354   1766   1354
  1753   1377   1736   1363
  1701   1333   1722   1378
  1701   1407   1699   1389
  1603   1403   1664   1389
  1653   1389   1638   1393
  1620   1406   1606   1394
  1563   1416   1578   1393
  1573   1395   1550   1387
  1537   1381   1522   1377
  1474   1374   1487   1369
  1466   1352   1455   1358
  1414   1329   1409   1342
  1377   1312   1366   1327
  1346   1310   1334   1315
  1316   1296   1300   1299
  1239   1303   1265   1287
  1189   1275   1213   1269
  1184   1247   1175   1258
  1121   1240   1140   1254
  1089   1251   1111   1261
  1068   1213   1087   1253
  1064   1281   1052   1259
  1009   1239   1025   1259
   973   1293    993   1263
   969   1261    956   1260
   931   1267    943   1247
   921   1244    925   1232
   917   1214    913   1214
   891   1224    911   1184
   880   1131    899   1163
   893   1137    897   1143
   871   1145    889   1134
